City,Cloudiness,Country,Date,Humidity,Lat,Lng,Current Temp,Max Temp,Min Temp,Feels Like Temp,Wind Speed,Pressure
Cockburn Town,0,TC,1588194484,80,21.46,-71.14,79.07,79.07,79.07,77.97,17.69,1015
Clarence Town,36,AU,1588194485,72,-32.58,151.78,67.32,68.0,66.0,66.58,5.82,1007
Andros Town,75,BS,1588194309,69,24.7,-77.77,82.4,82.4,82.4,80.94,17.22,1016
Florida,40,US,1588194485,54,28.75,-82.5,85.12,88.0,81.0,87.84,5.82,1014
Rock Sound,56,BS,1588194485,81,24.9,-76.2,77.18,77.18,77.18,72.9,21.97,1016
Dunmore Town,25,BS,1588194485,81,25.5,-76.65,76.21,76.21,76.21,71.78,21.36,1016
Yaguajay,42,CU,1588194485,57,22.33,-79.24,85.78,85.78,85.78,83.14,17.16,1013
Manatí,75,PR,1588194485,66,18.43,-66.49,82.0,84.2,81.0,80.31,16.11,1015
Primero de Enero,45,CU,1588194485,70,21.95,-78.43,86.0,86.0,86.0,88.57,13.87,1014
Baracoa,36,CU,1588194486,68,20.35,-74.5,82.36,82.36,82.36,86.14,7.49,1013
Alice Town,0,BS,1588194486,81,25.72,-79.3,77.74,77.74,77.74,76.66,16.78,1016
Marsh Harbour,60,BS,1588194486,77,26.54,-77.06,75.65,75.65,75.65,70.66,20.58,1017
Venezuela,46,VE,1588194486,29,8.0,-66.0,97.81,97.81,97.81,94.33,12.03,1006
Morón,0,AR,1588194486,100,-34.65,-58.62,68.59,69.01,66.99,70.29,9.31,1023
Nuevitas,0,CU,1588194486,59,21.55,-77.26,83.7,83.7,83.7,82.69,13.44,1013
Minas,20,UY,1588194487,55,-34.38,-55.24,65.71,66.2,64.99,51.94,24.16,1012
Freeport,90,US,1588194390,81,40.66,-73.58,51.3,53.01,50.0,41.85,14.99,1024
Moa,25,CU,1588194487,75,20.66,-74.94,80.71,80.71,80.71,82.33,12.55,1014
Gibara,40,CU,1588194487,32,21.11,-76.13,96.8,96.8,96.8,96.31,8.05,1012
Esmeralda,11,CU,1588194487,43,21.85,-78.12,88.9,88.9,88.9,86.41,12.64,1013
Caibarién,75,CU,1588194487,55,22.52,-79.47,87.8,87.8,87.8,88.05,12.75,1013
Nassau,100,US,1588194487,79,40.75,-73.58,51.39,53.01,50.0,48.56,3.0,1022
High Rock,75,BS,1588194488,69,26.62,-78.28,82.4,82.4,82.4,84.22,11.41,1017
Chambas,30,CU,1588194363,70,22.19,-78.91,86.0,86.0,86.0,88.57,13.87,1014
Vertientes,61,CU,1588194488,46,21.26,-78.15,88.63,88.63,88.63,89.91,7.23,1013
Sibanicú,11,CU,1588194488,42,21.23,-77.53,89.02,89.02,89.02,84.74,15.43,1013
Banes,40,CU,1588194488,32,20.96,-75.72,96.8,96.8,96.8,96.31,8.05,1012
Baraguá,86,CU,1588194488,53,21.7,-78.63,86.49,86.49,86.49,87.22,9.91,1013
Key Largo,0,US,1588194489,67,25.09,-80.45,81.7,82.0,81.0,84.09,8.99,1014
Ciego de Ávila,85,CU,1588194489,45,21.84,-78.76,88.57,88.57,88.57,91.9,3.09,1013
Jatibonico,83,CU,1588194489,41,21.94,-79.17,89.31,89.31,89.31,90.39,5.61,1013
Sancti Spíritus,81,CU,1588194489,48,21.93,-79.44,86.94,86.94,86.94,89.51,4.7,1013
Guáimaro,60,CU,1588194489,42,21.05,-77.35,88.27,88.27,88.27,86.56,10.38,1013
Puerto Padre,40,CU,1588194489,32,21.2,-76.6,96.8,96.8,96.8,96.31,8.05,1012
Las Tunas,40,CU,1588194489,32,20.96,-76.95,96.8,96.8,96.8,96.31,8.05,1012
Sagua la Grande,75,CU,1588194490,55,22.81,-80.08,87.8,87.8,87.8,88.05,12.75,1013
Sagua de Tánamo,47,CU,1588194490,57,20.58,-75.24,86.14,86.14,86.14,89.74,6.38,1013
Jobabo,40,CU,1588194490,32,20.97,-76.3,96.8,96.8,96.8,96.31,8.05,1012
Camagüey,36,CU,1588194490,41,21.38,-77.92,89.76,89.76,89.76,89.65,8.01,1013
Colombia,72,CU,1588194490,41,20.99,-77.43,88.79,88.79,88.79,88.88,7.02,1013
