City,Cloudiness,Country,Date,Humidity,Lat,Lng,Current Temp,Max Temp,Min Temp,Feels Like Temp,Wind Speed,Pressure
Magalia,100,US,1587998130,55,39.81,-121.58,60.66,62.6,59.0,58.68,1.21,1018
Otradnoye,40,RU,1587998130,56,59.78,30.82,41.58,42.8,39.99,31.05,11.18,1008
Boulder City,1,US,1587997858,20,35.98,-114.83,73.17,73.4,73.0,66.2,5.46,1013
Great Falls,1,US,1587998130,37,47.5,-111.3,53.08,55.99,51.8,41.72,12.75,1011
Manhattan,90,US,1587997983,75,40.78,-73.97,44.24,45.0,44.01,36.27,9.17,1013
Los Alamos,1,US,1587998131,35,35.89,-106.31,56.52,57.99,55.4,47.39,9.17,1024
Galveston,1,US,1587998062,61,29.37,-94.97,76.17,77.0,75.0,70.41,17.22,1021
Merritt Island,1,US,1587998013,45,28.54,-80.67,68.45,70.0,66.99,63.05,8.05,1020
Bow Island,75,CA,1587998131,43,49.87,-111.37,54.03,55.0,51.8,42.66,13.87,1006
Selma,1,US,1587998131,100,36.57,-119.61,57.27,59.0,53.6,54.5,9.01,1017
Santa María del Oro,9,MX,1587998829,29,25.93,-105.37,68.72,68.72,68.72,63.99,2.93,1018
Cabo San Lucas,100,MX,1587998830,34,22.89,-109.91,79.43,82.0,75.99,75.63,6.24,1006
Hilo,75,US,1587998830,77,19.73,-155.09,68.47,69.8,66.99,69.46,4.7,1017
Cedar City,1,US,1587998830,61,37.68,-113.06,50.0,50.0,50.0,44.6,4.7,1019
Chicago,40,US,1587998569,35,41.85,-87.65,58.01,59.0,57.2,46.42,13.87,1021
Kahului,90,US,1587998635,88,20.89,-156.47,69.8,69.8,69.8,70.39,9.17,1018
Saint-Ambroise,40,CA,1587998830,41,48.55,-71.33,42.6,44.01,41.0,31.86,10.29,1026
Fortuna,90,US,1587998831,93,40.6,-124.16,51.93,54.0,50.0,48.09,6.93,1022
Manchester,49,GB,1587998831,34,53.48,-2.24,60.03,62.01,57.99,53.74,4.7,1007
Texarkana,1,US,1587998560,63,33.43,-94.05,64.85,66.0,64.0,58.3,12.75,1022
Magalia,100,US,1587998831,55,39.81,-121.58,60.98,62.6,59.0,59.07,1.21,1018
Lake Cowichan,40,CA,1587998831,100,48.83,-124.05,43.95,46.99,42.01,39.78,4.92,1011
Chapais,1,CA,1587998831,47,49.78,-74.85,33.8,33.8,33.8,23.9,8.05,1025
Bethel,100,US,1587998832,94,41.37,-73.41,41.36,42.01,41.0,38.53,1.01,1009
San Quintín,100,MX,1587998764,81,30.48,-115.95,65.64,65.64,65.64,65.39,6.02,1014
Norman Wells,20,CA,1587998832,84,65.28,-126.83,8.6,8.6,8.6,1.26,2.24,998
Sitka,90,US,1587998832,61,57.05,-135.33,46.4,46.4,46.4,30.74,21.92,990
Syracuse,40,IT,1587998832,53,37.09,15.28,69.53,71.6,68.0,61.63,14.99,1013
‘Āhuimanu,40,US,1587998832,88,21.44,-157.84,72.0,73.4,68.0,72.97,10.29,1017
Palmer,90,US,1587998701,86,42.16,-72.33,39.87,43.0,37.0,29.12,13.87,1011
Ukiah,1,US,1587998833,46,39.15,-123.21,53.65,55.99,52.0,47.8,4.41,1021
Marsh Harbour,100,BS,1587998833,73,26.54,-77.06,77.85,77.85,77.85,77.99,11.97,1018
Lompoc,1,US,1587998834,93,34.64,-120.46,49.28,52.0,46.4,42.73,10.56,1017
Iqaluit,40,CA,1587998834,72,63.75,-68.51,15.39,15.8,15.01,3.06,11.41,1012
Kapaa,90,US,1587998834,78,22.08,-159.32,71.46,73.4,70.0,71.87,8.05,1019
Atlantic City,90,US,1587998834,81,39.36,-74.42,43.52,44.6,43.0,34.52,11.41,1012
Saint Paul Harbor,1,US,1587998835,74,57.79,-152.41,35.6,35.6,35.6,26.96,8.05,994
Durango,0,MX,1587998835,29,24.83,-104.83,66.2,66.2,66.2,61.83,1.68,1019
Wilmington,1,US,1587998835,48,34.23,-77.94,64.02,68.0,62.01,53.55,16.11,1016
Athabasca,95,CA,1587998748,50,54.72,-113.29,44.78,44.78,44.78,34.52,10.74,1004
Butte,75,US,1587998788,59,39.65,-121.57,62.19,62.6,62.01,60.91,1.34,1018
Cloquet,90,US,1587998636,93,46.72,-92.46,42.8,46.0,41.0,37.49,5.82,1012
Thompson,90,CA,1587998835,79,55.74,-97.86,23.0,23.0,23.0,9.97,13.87,1004
Jefferson City,90,US,1587998835,76,38.58,-92.17,52.93,53.6,52.0,48.0,6.93,1022
Fort Walton Beach,1,US,1587998609,45,30.41,-86.62,64.11,64.99,62.6,59.09,5.82,1024
Yellowknife,20,CA,1587998836,72,62.46,-114.35,9.68,10.4,8.01,-4.32,13.87,1008
Hay River,40,CA,1587998836,78,60.82,-115.8,12.2,12.2,12.2,2.95,5.82,1005
Zachary,1,US,1587998571,55,30.65,-91.16,66.02,69.01,64.4,62.02,6.93,1024
Watertown,90,US,1587998836,93,42.37,-71.18,40.41,42.01,39.0,25.56,21.92,1011
Moose Factory,1,CA,1587998836,41,51.26,-80.61,39.2,39.2,39.2,28.18,10.29,1024
Elko,1,US,1587998836,52,41.0,-115.5,47.62,52.0,42.8,42.01,3.36,1019
Macklin,100,CA,1587998836,45,52.33,-109.93,47.73,47.73,47.73,35.42,14.41,1005
Hamilton,75,US,1587998721,62,39.18,-84.53,53.64,57.0,50.0,48.33,5.82,1024
Lexington Park,90,US,1587998837,81,38.27,-76.45,46.72,48.2,44.6,33.78,19.46,1014
Whitehorse,75,CA,1587998732,93,60.72,-135.05,34.95,36.0,33.01,24.37,12.75,991
Kerrobert,40,CA,1587998837,56,51.92,-109.13,45.81,46.99,44.6,35.67,11.41,1006
Isla Vista,1,US,1587998748,93,34.41,-119.86,59.97,64.99,55.4,60.62,3.36,1014
Dzilam González,68,MX,1587998837,73,21.28,-88.93,81.82,81.82,81.82,87.66,5.35,1018
Sioux Lookout,90,CA,1587998837,86,50.1,-91.92,39.2,39.2,39.2,31.62,8.05,1010
Preston,20,GB,1587998838,66,53.77,-2.72,57.13,60.01,51.8,47.73,14.99,1008
Lamesa,75,US,1587998838,60,32.74,-101.95,68.4,69.01,68.0,61.18,14.99,1016
Kailua,40,US,1587998838,88,21.4,-157.74,71.67,73.4,68.0,72.5,10.29,1017
Pemberton,75,CA,1587998838,100,50.32,-122.8,39.2,39.2,39.2,34.93,3.36,1008
Cockburn Town,19,TC,1587998619,79,21.46,-71.14,79.45,79.45,79.45,78.19,17.98,1018
Matagami,1,CA,1587998838,47,49.75,-77.63,35.6,35.6,35.6,24.57,10.29,1025
Carlsbad,90,US,1587998601,100,33.16,-117.35,60.98,63.0,59.0,61.99,4.7,1014
Jupiter,1,US,1587998583,50,26.93,-80.09,75.4,75.99,75.0,71.92,9.17,1020
Pacific Grove,40,US,1587998831,76,36.62,-121.92,53.78,55.4,52.0,49.03,6.93,1020
Hays,100,US,1587998839,81,30.05,-98.03,70.63,72.0,69.01,73.45,4.0,1019
Guadalupe y Calvo,11,MX,1587998839,12,26.1,-106.97,71.29,71.29,71.29,65.66,0.54,1017
Jacksonville Beach,40,US,1587998570,55,30.29,-81.39,63.48,64.99,62.6,56.37,11.41,1020
Port Hardy,90,CA,1587998839,93,50.7,-127.42,44.6,44.6,44.6,41.67,2.24,1009
Elliot Lake,1,CA,1587998839,36,46.38,-82.63,46.4,46.4,46.4,38.21,5.82,1021
Otradnoye,40,RU,1587998839,56,59.78,30.82,41.56,42.8,39.99,31.03,11.18,1008
Brainerd,1,US,1587998627,76,46.36,-94.2,53.53,55.0,51.8,49.35,5.82,1011
Coos Bay,90,US,1587998840,100,43.37,-124.22,54.57,55.4,53.01,50.83,9.17,1020
Vulcan,53,RO,1587998840,38,45.38,23.27,55.65,55.65,55.65,50.4,2.59,1013
Kenai,1,US,1587998840,79,60.55,-151.26,22.26,23.0,21.2,14.2,4.94,994
Meadow Lake,90,US,1587998840,30,34.8,-106.54,59.65,62.01,57.99,52.9,4.7,1021
West Wendover,1,US,1587998841,47,40.74,-114.07,55.4,55.4,55.4,51.62,1.34,1017
Ucluelet,90,CA,1587998841,93,48.93,-125.55,48.7,48.99,48.2,45.32,4.7,1011
Santa Cruz del Sur,42,CU,1587998841,59,20.71,-78.0,84.96,84.96,84.96,88.97,5.55,1017
North Versailles,75,US,1587998841,75,40.38,-79.81,46.89,48.99,44.6,39.38,9.17,1019
Socorro,20,US,1587998842,18,31.65,-106.3,70.99,73.0,69.8,60.12,11.41,1018
Kindersley,40,CA,1587998556,56,51.47,-109.17,44.33,44.6,44.01,34.0,11.41,1006
Marquette,5,US,1587998842,39,46.53,-87.63,51.21,53.01,48.2,39.79,12.75,1017
Beacon,90,US,1587998842,81,41.5,-73.97,43.36,44.01,42.01,33.57,12.75,1013
Revelstoke,75,CA,1587998842,87,50.98,-118.2,42.8,42.8,42.8,37.15,5.82,1010
Porterville,1,US,1587998610,87,36.07,-119.02,57.11,61.0,53.6,54.86,5.82,1018
Fairbanks,1,US,1587998842,73,64.84,-147.72,26.98,28.4,24.8,20.8,1.99,996
Tayoltita,0,MX,1587998843,20,24.08,-105.93,87.85,87.85,87.85,84.87,1.97,1017
Naica,0,MX,1587998708,24,27.85,-105.48,75.88,75.88,75.88,69.76,5.79,1017
Watrous,100,CA,1587998843,59,51.67,-105.47,43.72,43.72,43.72,36.34,6.35,1010
Santa Fe,76,AR,1587998843,95,-31.63,-60.7,66.99,66.99,66.99,66.87,10.0,1012
Hermiston,75,US,1587998843,50,45.84,-119.29,57.0,57.99,55.0,52.61,3.36,1015
Aberdeen,40,GB,1587998579,61,57.14,-2.1,50.22,54.0,48.0,39.06,14.99,1009
Winona,90,US,1587998843,93,43.97,-91.77,51.62,55.0,50.0,49.73,3.36,1014
Berea,1,US,1587998844,61,41.37,-81.85,49.77,50.0,48.99,43.7,5.82,1023
Matehuala,91,MX,1587998844,38,23.65,-100.65,69.76,69.76,69.76,65.08,5.46,1019
Anaconda,90,US,1587998844,69,46.13,-112.94,37.4,37.4,37.4,30.65,4.7,1016
Arrondissement de Clermont,84,FR,1587998844,36,49.5,2.42,74.08,75.2,73.0,71.13,3.36,1005
Quesnel,75,CA,1587998731,56,53.0,-122.5,42.8,42.8,42.8,35.44,5.82,1004
La Ronge,90,CA,1587998844,74,55.1,-105.28,30.2,30.2,30.2,20.97,8.05,1011
Cape Canaveral,1,US,1587998845,49,28.41,-80.6,69.22,71.6,66.99,61.29,13.87,1020
Eureka,87,US,1587998588,69,40.8,-124.16,52.3,54.0,51.01,48.4,3.87,1020
Aguada de Pasajeros,100,CU,1587998845,66,22.39,-80.85,84.2,84.2,84.2,90.77,3.36,1018
Flin Flon,90,CA,1587998721,74,54.77,-101.86,30.2,30.2,30.2,19.08,11.41,1009
Lake City,1,US,1587998639,54,30.19,-82.64,61.57,64.0,59.0,54.55,10.29,1022
Constitución,26,CL,1587998845,78,-35.33,-72.42,60.75,60.75,60.75,57.76,7.43,1019
Mayo,90,US,1587998845,75,38.89,-76.51,46.56,48.0,46.0,35.1,16.11,1015
Houma,0,US,1587998846,40,29.6,-90.72,73.0,73.0,73.0,67.86,8.01,1023
Redlands,5,US,1587998846,55,34.06,-117.18,64.6,66.99,62.6,63.66,0.89,1012
Dulce Grande,5,MX,1587998846,87,23.0,-102.17,55.4,55.4,55.4,54.03,3.36,1028
Key West,40,US,1587998631,61,24.56,-81.78,78.42,80.6,77.0,74.14,16.11,1019
Havelock,18,US,1587998580,69,34.88,-76.9,59.38,61.0,59.0,58.12,1.99,1014
Sheridan,1,US,1587998731,70,44.83,-106.92,51.1,57.0,46.4,47.32,3.36,1013
Fort Nelson,90,CA,1587998846,74,58.81,-122.7,30.2,30.2,30.2,23.61,3.36,999
Celestún,19,MX,1587998846,69,20.87,-90.4,81.39,81.39,81.39,84.45,8.32,1018
Virginia Beach,90,US,1587998631,87,36.85,-75.98,48.88,51.01,46.99,36.05,20.8,1014
Wawa,0,NG,1587998847,31,9.9,4.42,99.39,99.39,99.39,103.01,1.72,1007
Lebanon,1,US,1587998607,66,36.21,-86.29,54.77,57.99,51.8,52.47,1.48,1024
Chase,20,CA,1587998847,61,50.82,-119.69,44.02,46.4,41.0,34.57,10.29,1007
Chilliwack,98,CA,1587998847,96,49.17,-121.94,47.34,48.99,45.0,44.13,4.14,1011
Russellville,1,US,1587998847,55,35.28,-93.13,64.81,66.0,64.0,61.16,5.82,1022
Langenburg,25,DE,1587998847,37,49.25,9.85,68.67,70.0,68.0,62.17,8.05,1008
Healdsburg,1,US,1587998847,87,38.61,-122.87,51.13,57.99,46.4,48.65,3.36,1019
Sunrise Manor,1,US,1587998684,21,36.21,-115.07,71.04,72.0,69.01,61.27,10.29,1013
Camargo,0,MX,1587998848,26,27.67,-105.17,76.57,76.57,76.57,69.39,8.5,1017
Oxford,75,GB,1587998721,55,51.75,-1.26,60.66,61.0,59.0,56.71,4.7,1007
Prince Rupert,90,CA,1587998819,86,54.32,-130.32,42.8,42.8,42.8,31.93,14.99,1000
Half Moon Bay,75,US,1587998848,87,37.46,-122.43,54.72,57.0,51.01,46.62,14.99,1021
Brigantine,90,US,1587998848,81,39.41,-74.36,43.5,44.6,43.0,34.48,11.41,1012
Grants,1,US,1587998730,32,35.15,-107.85,53.6,53.6,53.6,47.01,3.65,1024
Bahía Honda,91,CU,1587998849,64,22.9,-83.16,83.62,83.62,83.62,85.46,10.4,1019
Warrington,20,GB,1587998667,47,53.39,-2.58,59.38,63.0,57.0,49.82,12.75,1008
Tehachapi,1,US,1587998849,62,35.13,-118.45,56.14,57.99,53.6,49.42,9.17,1020
Loreto,0,MX,1587998849,25,22.27,-101.97,69.53,69.53,69.53,62.82,5.61,1020
Chihuahua,5,MX,1587998590,55,28.5,-106.0,66.2,66.2,66.2,63.52,4.7,1021
La Cruz,0,MX,1587998849,54,23.92,-106.9,75.99,75.99,75.99,77.47,1.99,1006
Santa Catarina de Tepehuanes,0,MX,1587998849,22,25.35,-105.73,69.96,69.96,69.96,65.71,0.56,1018
Moa,7,CU,1587998850,54,20.66,-74.94,88.3,88.3,88.3,91.26,7.87,1016
Powell River,75,CA,1587998583,87,49.85,-124.54,46.4,48.2,42.8,40.84,6.93,1010
Lincoln,1,US,1587998164,55,40.8,-96.67,64.87,66.0,64.0,58.08,11.41,1014
Dickinson,1,US,1587998850,64,29.46,-95.05,76.39,78.01,73.4,76.42,8.05,1021
Province of Mantua,2,IT,1587998850,48,45.17,10.78,74.3,75.0,73.99,71.96,5.99,1009
Emporia,1,US,1587998850,76,38.4,-96.18,57.2,57.2,57.2,51.4,10.29,1016
Suffolk,90,US,1587998850,75,40.87,-72.8,42.44,43.0,42.01,32.92,11.41,1011
Huntsville,1,US,1587998638,66,34.73,-86.59,55.24,60.01,51.8,51.22,4.7,1024
Marion,20,US,1587998598,57,39.77,-86.16,55.09,57.0,51.8,49.62,5.82,1023
Guerrero Negro,0,MX,1587998851,69,27.98,-114.06,67.82,67.82,67.82,64.58,9.84,1015
Fort Saint James,56,CA,1587998851,50,54.43,-124.25,41.54,41.54,41.54,33.98,5.32,1004
San Fernando,75,PH,1587998851,70,15.03,120.69,84.2,84.2,84.2,92.34,2.24,1014
Pecos,1,US,1587998851,40,31.42,-103.49,73.4,73.4,73.4,70.93,3.42,1015
Callaway,1,US,1587998851,45,30.15,-85.57,65.03,66.0,64.4,57.04,11.41,1023
Smithers,75,CA,1587998851,93,54.78,-127.17,37.4,37.4,37.4,32.49,3.36,1001
Oakdale,1,US,1587998852,87,44.96,-92.96,56.05,60.01,53.01,51.12,10.02,1012
Galveston,1,US,1587998817,61,29.37,-94.97,76.24,78.01,75.0,70.5,17.22,1021
Washington,61,US,1587998658,91,47.5,-120.5,47.5,50.0,44.01,45.7,1.14,1010
Pacifica,75,US,1587998762,87,37.61,-122.49,53.76,57.0,51.01,45.39,14.99,1021
Deming,1,US,1587998852,35,32.27,-107.76,57.2,57.2,57.2,50.67,4.7,1020
Magnolia,86,US,1587998852,67,33.27,-93.24,64.67,69.01,61.0,62.37,5.99,1023
West Bay,20,KY,1587998803,74,19.37,-81.42,86.0,86.0,86.0,93.49,6.93,1017
Haines Junction,100,CA,1587998647,73,60.75,-137.51,32.0,32.0,32.0,26.58,1.54,994
Wisconsin Rapids,90,US,1587998853,50,44.38,-89.82,51.22,51.8,51.01,43.3,8.05,1015
Nantucket,90,US,1587998853,45,41.28,-70.1,44.92,46.4,44.01,28.08,21.92,1003
Talladega,1,US,1587998712,67,33.44,-86.11,59.41,61.0,57.2,56.25,5.06,1025
North Bend,90,US,1587998853,100,43.41,-124.22,54.88,55.99,53.01,51.22,9.17,1020
San Nicolas,92,PH,1587998853,78,18.17,120.6,80.6,80.6,80.6,85.48,7.78,1014
Red Wing,90,US,1587998853,87,44.56,-92.53,52.29,55.0,51.01,49.33,4.7,1013
Sedro-Woolley,90,US,1587998566,87,48.5,-122.24,48.67,51.8,46.0,44.22,5.82,1013
Washougal,90,US,1587998854,81,45.58,-122.35,52.47,54.0,50.0,48.13,6.4,1017
Manhattan,90,US,1587998854,75,40.78,-73.97,44.47,45.0,44.01,36.54,9.17,1013
Aztec,1,US,1587998643,37,36.82,-107.99,52.61,54.0,51.8,45.1,5.82,1021
Ocampo,62,MX,1587998854,20,21.65,-101.5,69.46,69.46,69.46,62.62,4.52,1020
Beaverlodge,90,CA,1587998854,75,55.22,-119.44,41.0,41.0,41.0,34.41,5.82,1002
Osoyoos,75,CA,1587998854,81,49.03,-119.45,44.96,53.6,41.0,40.75,3.36,1009
Niquero,88,CU,1587998855,59,20.04,-77.58,86.14,86.14,86.14,91.65,3.87,1017
Hibbing,90,US,1587998855,100,47.43,-92.94,43.56,44.6,42.8,39.02,5.41,1011
Florence,20,IT,1587998855,43,43.77,11.25,74.62,75.99,73.4,70.34,8.05,1012
Fountain,1,US,1587998855,37,38.68,-104.7,59.13,64.0,53.6,51.78,6.93,1023
Pascagoula,1,US,1587998855,45,30.37,-88.56,66.7,66.99,66.2,59.67,10.29,1025
Weiser,90,US,1587998855,54,44.25,-116.97,55.0,57.0,53.01,48.63,6.93,1019
Eau Claire,90,US,1587998753,87,44.81,-91.5,47.35,48.0,46.0,40.73,9.17,1014
Bow Island,75,CA,1587998855,43,49.87,-111.37,55.45,57.0,51.8,44.28,13.87,1006
Fountain Valley,40,US,1587998856,77,33.71,-117.95,61.88,64.4,60.01,60.87,4.32,1014
Acworth,1,US,1587998821,62,34.07,-84.68,56.17,60.01,53.01,52.0,4.7,1023
Twin Falls,1,US,1587998823,50,42.56,-114.46,54.59,55.4,53.6,43.27,14.99,1016
Pierre,1,US,1587998856,62,44.37,-100.35,55.72,55.99,55.4,52.2,3.36,1013
Emilio Carranza,12,MX,1587998856,69,19.97,-96.61,79.83,79.83,79.83,83.19,6.46,1019
Lamar,1,US,1587998856,63,33.67,-95.58,67.69,69.01,66.2,63.34,10.29,1020
Bozeman,40,US,1587998588,70,45.68,-111.04,46.22,48.99,42.8,41.56,3.36,1014
Cheyenne,1,US,1587998702,46,41.14,-104.82,55.31,59.0,53.6,44.37,13.87,1019
Casas Grandes,26,MX,1587998706,11,30.37,-107.95,75.09,75.09,75.09,64.29,9.82,1016
Los Alamos,1,US,1587998857,33,35.89,-106.31,57.07,57.2,57.0,48.45,8.05,1024
Logan Lake,20,CA,1587998645,61,50.5,-120.8,46.4,46.4,46.4,37.29,10.29,1007
Galeana,100,MX,1587998857,74,24.83,-100.07,64.0,64.0,64.0,61.21,8.01,1017
Geraldton,90,AU,1587998857,68,-28.77,114.6,69.8,69.8,69.8,63.55,16.11,1019
Mattawa,75,US,1587998702,62,46.74,-119.9,56.35,59.0,54.0,47.05,13.87,1014
Safford,1,US,1587998858,27,32.83,-109.71,62.6,62.6,62.6,56.61,3.36,1017
Terrace,75,CA,1587998653,100,54.52,-128.6,39.2,39.2,39.2,32.29,8.05,1001
Varadero,40,CU,1587998858,78,23.15,-81.25,82.4,82.4,82.4,91.4,2.24,1019
Shellbrook,90,CA,1587998585,80,53.22,-106.4,35.6,35.6,35.6,30.18,2.8,1011
Douglas,1,US,1587998566,59,41.3,-96.17,62.76,64.0,61.0,57.22,9.17,1014
Orange Cove,1,US,1587998858,87,36.62,-119.31,59.68,61.0,57.2,60.87,1.12,1018
Mackenzie,90,CA,1587998858,93,55.3,-123.17,35.6,35.6,35.6,27.12,9.17,1001
High Level,90,CA,1587998859,79,58.52,-117.14,28.4,28.4,28.4,19.13,8.05,1003
Hope,88,US,1587998726,52,33.67,-93.59,66.42,69.01,64.0,63.21,5.01,1011
Newport,100,GB,1587998859,61,51.59,-3.0,58.53,60.01,55.99,52.5,8.68,1006
Española,1,US,1587998859,33,35.99,-106.08,56.41,57.2,55.0,47.71,8.05,1024
Maniwaki,100,CA,1587998859,52,46.38,-75.97,46.15,46.15,46.15,38.64,6.38,1021
Shorewood,1,US,1587998757,48,41.52,-88.2,59.22,60.8,57.0,51.75,9.17,1020
Benito Juarez,5,MX,1587998859,63,19.39,-99.17,60.37,60.8,60.01,55.94,6.93,1031
Canmore,75,CA,1587998760,64,51.08,-115.35,37.4,37.4,37.4,27.88,9.24,1005
Graham,90,US,1587998860,87,47.05,-122.29,52.07,54.0,51.01,43.27,14.99,1015
La Santisima Trinidad,75,BO,1587998860,83,-14.83,-64.9,82.4,82.4,82.4,91.87,3.4,1017
Tucumcari,1,US,1587998860,26,35.17,-103.72,69.8,69.8,69.8,62.53,6.93,1018
Show Low,1,US,1587998642,14,34.25,-110.03,59.92,62.6,55.4,49.01,9.17,1023
Kingston,20,JM,1587998851,66,18.0,-76.79,86.0,86.0,86.0,84.42,19.46,1017
Wenatchee,75,US,1587998860,66,47.42,-120.31,50.27,52.0,48.2,44.02,6.93,1011
La Reforma,0,MX,1587998861,70,25.08,-108.05,74.46,77.0,73.0,77.65,3.0,1012
Port Jervis,100,US,1587998795,87,41.38,-74.69,42.66,44.01,42.01,35.69,8.12,1009
Baracoa,25,CU,1587998861,59,20.35,-74.5,85.95,85.95,85.95,90.66,5.12,1017
Smiths Falls,100,CA,1587998861,41,44.9,-76.02,48.42,51.01,45.0,40.66,5.99,1019
Rodney,1,CA,1587998583,66,42.57,-81.68,52.41,55.0,50.0,45.93,8.05,1022
Central Point,75,US,1587998861,81,42.38,-122.92,51.58,53.01,50.0,47.37,5.82,1021
Etchoropo,0,MX,1587998763,59,26.77,-109.67,75.0,75.0,75.0,75.34,5.01,1013
Guaymas,5,MX,1587998665,88,27.93,-110.9,72.41,73.99,71.6,75.13,7.54,1012
Forest,20,US,1587998862,44,37.36,-79.29,56.84,57.2,55.99,49.23,8.05,1017
Cananea,21,MX,1587998862,35,30.95,-110.3,70.7,71.01,70.0,65.5,5.91,1019
Baker City,90,US,1587998719,61,44.77,-117.83,47.89,50.0,44.01,39.63,9.17,1017
Grass Valley,1,US,1587998862,62,39.22,-121.06,55.63,59.0,51.01,53.11,1.54,1020
Duluth,90,US,1587998811,93,46.78,-92.11,39.54,43.0,37.4,31.73,9.17,1013
Raymondville,75,US,1587998862,65,26.48,-97.78,78.53,78.8,78.01,76.96,12.75,1019
Brooks,68,CA,1587998721,42,50.58,-111.89,53.01,53.01,53.01,44.71,8.01,1003
Manhattan Beach,75,US,1587998863,82,33.88,-118.41,60.69,62.6,57.2,59.02,5.82,1015
Valle de Allende,0,MX,1587998863,21,26.93,-105.4,74.41,74.41,74.41,68.83,3.56,1017
Rosarito,90,MX,1587998863,100,32.33,-117.03,62.11,64.0,60.8,64.09,3.74,1016
Smoky Lake,81,CA,1587998863,74,54.12,-112.47,43.0,43.0,43.0,37.69,4.0,1003
Arrondissement du Havre,87,FR,1587998863,59,49.58,0.33,64.94,68.0,60.8,59.31,10.29,1006
Elk City,1,US,1587998863,52,35.41,-99.4,64.83,66.2,62.6,51.75,21.92,1013
Spirit River,90,CA,1587998864,75,55.78,-118.84,41.7,42.01,41.0,35.22,5.82,1002
Cocula,5,MX,1587998864,43,20.37,-103.82,69.85,71.6,66.99,67.87,1.99,1025
Winnemucca,1,US,1587998864,43,40.97,-117.74,51.8,51.8,51.8,45.3,4.7,1019
Claresholm,1,CA,1587998652,56,50.03,-113.59,46.76,50.0,42.8,31.46,20.8,1008
Stuttgart,8,DE,1587998710,28,48.78,9.18,71.8,73.99,70.0,63.84,9.17,1008
Alacranes,40,CU,1587998864,78,22.77,-81.57,82.4,82.4,82.4,91.4,2.24,1019
Price,1,US,1587998864,43,39.6,-110.81,51.8,51.8,51.8,46.58,2.42,1021
Isla Mujeres,40,MX,1587998865,74,21.23,-86.73,84.09,84.2,84.0,89.85,8.05,1018
Benjamín Hill,48,MX,1587998865,55,30.17,-111.1,73.99,73.99,73.99,75.56,1.01,1014
Burlington,90,US,1587998856,81,39.88,-74.64,43.97,45.0,43.0,33.66,13.87,1013
Wasilla,1,US,1587998865,43,61.58,-149.44,31.41,34.0,28.4,23.85,3.36,993
Salisbury,75,GB,1587998729,63,51.07,-1.8,61.16,63.0,60.01,60.21,1.12,1006
Bowie,93,US,1587998651,66,33.45,-94.43,68.67,71.01,66.0,65.32,9.78,1019
Morden,1,CA,1587998614,57,49.19,-98.1,50.65,51.8,50.0,42.53,9.17,1011
Glens Falls,90,US,1587998865,75,43.31,-73.64,41.88,44.01,39.99,31.51,12.75,1015
Hearst,0,CA,1587998866,75,49.68,-83.67,39.79,39.79,39.79,31.06,9.31,1020
Enid,75,US,1587998634,82,36.4,-97.88,63.9,66.0,60.8,53.56,23.04,1014
Kalamazoo,1,US,1587998866,40,42.25,-85.55,53.6,55.99,51.8,43.3,11.41,1022
Freeport,90,US,1587998572,75,40.66,-73.58,44.28,46.0,42.01,35.06,11.41,1011
Ketchikan,90,US,1587998866,93,55.34,-131.65,44.22,46.4,42.8,33.4,16.11,997
Ionia,1,US,1587998867,25,42.99,-85.07,54.12,55.0,53.6,43.88,9.17,1021
Potsdam,21,DE,1587998867,26,52.4,13.07,73.27,75.0,71.6,64.58,10.29,1006
Bonnyville,75,CA,1587998867,80,54.27,-110.73,33.8,33.8,33.8,28.45,2.24,1008
Andrews,1,US,1587998867,53,32.32,-102.55,71.6,71.6,71.6,64.89,13.87,1015
Terrace Bay,40,CA,1587998867,28,48.78,-87.1,46.4,46.4,46.4,34.56,11.41,1018
Cleveland,1,US,1587998816,70,41.5,-81.7,48.16,50.0,46.0,41.81,6.93,1022
Hot Springs,1,US,1587998670,52,34.5,-93.06,64.78,66.0,64.0,58.86,9.17,1023
Todos Santos,91,MX,1587998868,77,23.45,-110.22,69.01,69.01,69.01,72.28,1.01,1013
Harrisburg,90,US,1587998817,65,40.27,-76.88,46.26,46.99,45.0,38.64,8.05,1015
Caborca,56,MX,1587998705,12,30.58,-111.1,81.25,81.25,81.25,73.06,6.35,1014
Englewood,20,US,1587998868,41,39.65,-104.99,59.13,61.0,57.0,52.18,6.93,1020
Napanee,90,CA,1587998773,39,44.25,-76.95,48.74,48.99,48.2,37.08,12.75,1019
Pleasanton,34,US,1587998704,78,37.66,-121.87,52.63,57.99,48.0,51.12,1.01,1016
Hurricane,0,US,1587998868,47,37.18,-113.29,59.0,59.0,59.0,52.65,6.93,1020
Pocatello,1,US,1587998739,70,42.87,-112.45,49.37,51.01,46.4,45.27,3.36,1016
Great Falls,1,US,1587998869,37,47.5,-111.3,53.08,55.99,51.8,41.72,12.75,1011
Juneau,90,US,1587998820,81,58.3,-134.42,43.38,44.01,42.8,32.32,14.99,994
Boissevain,1,CA,1587998869,49,49.23,-100.06,50.22,52.0,46.99,39.43,12.75,1012
Muskegon,90,US,1587998869,46,43.3,-86.13,52.11,53.6,50.0,46.63,3.36,1020
Exeter,40,GB,1587998863,63,50.72,-3.53,59.67,60.8,57.99,58.35,1.12,1006
Northfield,40,US,1587998870,67,44.46,-93.16,59.02,62.01,57.0,54.68,6.93,1012
Abbeville,93,FR,1587998870,39,50.1,1.83,67.98,73.4,62.6,61.65,8.05,1006
Steinbach am Taunus,23,DE,1587998734,29,50.17,8.57,71.53,72.0,71.01,62.44,11.41,1007
Pinawa,7,CA,1587998870,58,50.15,-95.88,50.58,50.58,50.58,42.78,8.7,1009
Lawton,20,US,1587998870,68,34.61,-98.39,65.28,66.99,64.4,55.69,19.46,1015
Hauterive,100,FR,1587998870,82,46.09,3.45,58.98,60.8,57.0,56.79,5.82,1007
Timmins,5,CA,1587998870,38,48.47,-81.33,39.2,39.2,39.2,29.93,6.93,1023
North Las Vegas,1,US,1587998870,21,36.2,-115.12,71.31,72.0,69.01,61.57,10.29,1013
Outlook,100,CA,1587998871,64,51.5,-107.05,44.01,44.01,44.01,36.57,7.0,1005
Ames,1,US,1587998871,63,42.03,-93.62,62.8,64.4,60.8,52.56,18.34,1014
Raton,1,US,1587998631,49,36.9,-104.44,53.2,55.99,48.2,46.74,5.82,1022
Corinth,36,GR,1587998773,63,37.94,22.96,67.41,71.01,64.0,67.06,3.0,1009
Gimli,24,CA,1587998871,65,50.63,-96.99,52.0,52.0,52.0,47.64,4.0,1011
Elizabeth City,90,US,1587998579,76,36.29,-76.25,51.76,53.6,50.0,38.75,20.8,1014
Altar,74,MX,1587998872,14,30.7,-111.82,82.85,82.85,82.85,75.78,5.41,1012
Rawlins,1,US,1587998872,50,41.79,-107.24,51.8,51.8,51.8,41.31,12.75,1020
Thunder Bay,75,CA,1587998682,52,48.4,-89.32,44.6,44.6,44.6,34.7,10.29,1015
Minot,1,US,1587998865,53,48.23,-101.3,51.98,55.0,50.0,45.66,5.82,1012
Andros Town,75,BS,1587998873,62,24.7,-77.77,84.54,84.99,84.2,88.3,6.93,1019
Slave Lake,90,CA,1587998789,69,55.28,-114.77,39.2,39.2,39.2,28.9,11.41,1003
Fallon,1,US,1587998873,42,39.47,-118.78,52.36,57.0,48.2,45.84,4.7,1020
Newark,90,US,1587998864,81,40.74,-74.17,44.67,46.0,44.01,33.22,16.11,1012
Struthers,72,US,1587998873,61,41.05,-80.61,49.6,51.01,48.99,43.95,5.01,1022
Dickson,1,US,1587998874,62,36.08,-87.39,59.05,62.01,57.2,57.31,1.48,1024
Port-Cartier,20,CA,1587998874,32,50.03,-66.87,39.2,39.2,39.2,30.9,4.7,1029
Gillette,1,US,1587998874,50,44.29,-105.5,57.29,57.99,55.99,45.14,17.22,1013
Miramar,1,US,1587998762,44,25.99,-80.23,76.75,80.01,73.4,69.93,13.87,1020
China,93,MX,1587998607,72,25.7,-99.23,75.52,75.52,75.52,72.7,15.08,1018
Bloomfield,90,US,1587998871,70,40.81,-74.19,44.47,45.0,44.01,36.88,8.05,1013
North Platte,1,US,1587998875,66,41.12,-100.77,57.2,57.99,55.4,52.34,6.93,1015
Grenfell,0,AU,1587998875,70,-33.9,148.17,52.29,52.29,52.29,47.82,4.99,1023
Hondomachi-hondo,97,JP,1587998875,54,32.45,130.2,58.48,58.48,58.48,47.66,15.95,1021
Esqueda,56,MX,1587998875,13,30.72,-109.58,74.98,74.98,74.98,66.69,5.99,1016
Laramie,1,US,1587998875,49,41.31,-105.59,49.86,52.0,48.2,35.87,18.34,1020
Bemidji,1,US,1587998875,66,47.47,-94.88,56.08,57.0,55.4,50.36,8.05,1011
Saint George,1,US,1587998876,47,37.1,-113.58,59.0,59.0,59.0,54.59,3.49,1016
Rapid Valley,1,US,1587998876,54,44.06,-103.15,58.62,64.0,53.6,54.16,4.7,1014
Eufaula,21,US,1587998876,60,31.89,-85.15,61.45,63.0,60.01,58.6,4.0,1024
Dryden,90,CA,1587998876,100,49.78,-92.75,37.4,37.4,37.4,29.53,9.17,1009
Fairview,90,US,1587998685,75,40.81,-74.0,44.44,45.0,44.01,36.5,9.17,1013
Saraland,5,US,1587998876,47,30.82,-88.07,65.57,66.99,64.0,60.69,6.51,1025
Magrath,75,CA,1587998876,42,49.42,-112.87,48.2,48.2,48.2,38.07,10.29,1007
Terre Haute,1,US,1587998877,50,39.47,-87.41,56.88,57.99,55.4,51.08,5.82,1024
Ruidoso,1,US,1587998877,22,33.33,-105.67,61.21,64.4,57.0,51.26,9.17,1024
Delano,1,US,1587998877,87,35.77,-119.25,56.59,59.0,53.6,54.18,5.82,1018
Polson,100,US,1587998877,65,47.69,-114.16,49.06,51.01,46.99,45.86,1.01,1014
Panabá,53,MX,1587998877,65,21.28,-88.27,84.6,84.6,84.6,89.02,7.07,1019
Susanville,100,US,1587998877,73,40.42,-120.65,52.12,53.01,51.01,48.99,3.0,1028
Oildale,1,US,1587998878,55,35.42,-119.02,64.18,66.0,62.6,63.28,0.67,1018
The Pas,90,CA,1587998878,80,53.83,-101.25,32.0,32.0,32.0,18.0,17.22,1008
Truth or Consequences,1,US,1587998878,20,33.13,-107.25,66.99,68.0,66.0,59.2,5.82,1020
Kirksville,20,US,1587998878,82,40.19,-92.58,56.23,57.0,55.4,46.83,17.22,1019
Marinette,90,US,1587998860,86,45.1,-87.63,41.18,42.8,39.2,36.57,3.36,1018
Selma,1,US,1587998878,87,36.57,-119.61,58.42,59.0,57.2,54.77,9.01,1018
Rock Springs,1,US,1587998878,56,41.59,-109.2,42.8,42.8,42.8,34.65,7.23,1021
Key Biscayne,75,US,1587998879,53,25.69,-80.16,77.45,80.01,75.2,74.55,10.29,1020
Colonial Heights,90,US,1587998879,57,37.27,-77.41,51.44,52.0,50.0,40.8,13.87,1017
Mountain Home,90,US,1587998640,57,43.13,-115.69,51.8,51.8,51.8,46.38,4.7,1017
Clarence Town,90,AU,1587998879,93,-32.58,151.78,64.13,66.0,62.01,66.29,3.38,1024
Choix,0,MX,1587998879,23,26.71,-108.32,86.83,86.83,86.83,85.33,0.4,1016
Corralillo,100,CU,1587998879,61,22.98,-80.59,83.86,83.86,83.86,86.65,7.67,1018
Jennings,75,US,1587998880,50,38.72,-90.26,57.74,59.0,55.4,49.57,10.29,1023
Atikokan,100,CA,1587998880,78,48.76,-91.62,44.64,44.64,44.64,39.24,5.06,1011
Homer,1,US,1587998880,74,59.64,-151.55,32.05,37.0,28.4,26.33,2.15,994
Kerrville,90,US,1587998841,82,30.05,-99.14,68.13,69.01,66.2,61.38,19.46,1020
Annapolis,90,US,1587998752,100,38.98,-76.49,46.38,48.0,44.6,37.72,13.87,1015
Babylon,90,US,1587998880,75,40.7,-73.33,44.44,46.0,42.01,35.24,11.41,1011
Río Cauto,40,CU,1587998880,70,20.56,-76.92,84.2,84.2,84.2,92.34,2.24,1017
Ashland,1,US,1587998722,66,40.82,-82.27,48.38,48.99,48.0,43.81,3.36,1022
Jackson,75,US,1587998881,81,42.42,-122.83,51.57,53.01,50.0,47.34,5.82,1021
Pahrump,0,US,1587998881,28,36.21,-115.98,68.25,72.0,64.0,63.66,2.33,1013
Vincennes,77,FR,1587998881,43,48.85,2.43,72.28,77.0,66.99,70.09,3.36,1005
Woodbury,1,US,1587998881,62,42.38,-96.03,59.68,61.0,59.0,53.11,10.29,1013
Lake Havasu City,1,US,1587998881,21,34.48,-114.32,80.15,84.99,78.8,75.43,3.36,1011
Glendive,1,US,1587998881,57,47.11,-104.71,48.2,48.2,48.2,40.01,8.66,1012
Harwich,54,GB,1587998882,71,51.94,1.28,58.51,61.0,57.0,57.25,1.99,1006
Payson,40,US,1587998882,47,40.04,-111.73,53.96,55.4,51.01,45.55,9.17,1018
Beausejour,0,CA,1587998882,72,50.06,-96.52,52.0,52.0,52.0,47.07,5.99,1009
Chute-aux-Outardes,1,CA,1587998882,48,49.12,-68.4,39.2,39.2,39.2,25.88,14.99,1028
Casper,1,US,1587998882,53,42.87,-106.31,51.8,51.8,51.8,37.0,20.8,1016
Ormond Beach,1,US,1587998882,48,29.29,-81.06,65.55,66.99,64.0,58.66,10.29,1021
Sept-Îles,20,CA,1587998641,32,50.2,-66.38,39.2,39.2,39.2,30.9,4.7,1029
Ada,90,US,1587998882,50,43.42,-116.13,53.47,54.0,53.01,47.77,4.7,1018
Astoria,40,US,1587998882,87,46.19,-123.83,51.01,51.8,50.0,45.21,9.17,1016
Douglasville,0,US,1587998722,70,33.75,-84.75,56.35,59.0,54.0,50.29,9.42,1021
Red Bluff,1,US,1587998883,48,40.18,-122.24,59.7,60.8,57.0,54.82,4.7,1018
Ocean City,90,US,1587998883,81,39.28,-74.57,43.99,45.0,43.0,35.06,11.41,1012
High Rock,75,BS,1587998883,69,26.62,-78.28,78.8,78.8,78.8,78.91,11.41,1019
Neepawa,75,CA,1587998883,75,50.23,-99.47,42.8,42.8,42.8,31.32,14.99,1011
Cadillac,1,US,1587998840,20,44.25,-85.4,53.6,53.6,53.6,40.24,13.87,1019
Artesia,90,US,1587998884,87,33.87,-118.08,61.59,64.0,59.0,61.77,4.03,1014
Sydney,75,AU,1587998884,72,-33.87,151.21,63.93,68.0,60.01,56.95,14.99,1024
Portsmouth,98,GB,1587998732,47,50.8,-1.09,61.65,64.0,61.0,56.28,5.99,1006
Aiken,1,US,1587998688,41,33.58,-81.6,61.74,66.0,59.0,53.94,9.17,1021
Estevan,90,CA,1587998884,37,49.13,-102.98,47.86,51.01,46.4,41.25,3.36,1012
Sainte-Agathe-des-Monts,75,CA,1587998884,28,46.05,-74.28,46.81,48.0,46.0,35.01,11.41,1020
Vanderhoof,99,CA,1587998884,50,54.02,-124.02,41.9,41.9,41.9,35.71,2.95,1004
Tamiahua,0,MX,1587998885,73,21.27,-97.45,79.23,79.23,79.23,84.33,4.34,1019
Kitimat,75,CA,1587998721,100,54.05,-128.65,39.2,39.2,39.2,32.29,8.05,1001
Vernon,50,CA,1587998885,72,50.26,-119.27,44.4,45.0,43.0,39.42,3.6,1002
Cheney,75,US,1587998885,57,47.49,-117.58,49.86,51.01,48.2,38.34,14.99,1013
Maple Valley,90,US,1587998650,93,47.39,-122.05,51.1,53.01,48.99,47.68,5.82,1015
Burns Lake,0,CA,1587998885,58,54.23,-125.75,36.46,36.46,36.46,29.17,4.61,1004
Paris,78,FR,1587998480,52,48.85,2.35,71.89,75.2,68.0,69.01,6.93,1006
Harrisonburg,75,US,1587998885,57,38.45,-78.87,48.65,51.01,46.0,37.58,13.87,1017
Cardston,75,CA,1587998886,42,49.2,-113.3,45.79,48.2,42.8,35.4,10.29,1007
Roswell,1,US,1587998627,54,34.02,-84.36,57.0,60.01,55.0,49.08,10.29,1023
Spencer,1,US,1587998886,51,43.14,-95.14,62.24,62.6,62.01,50.49,18.34,1013
Clovis,40,US,1587998886,51,36.83,-119.7,60.87,63.0,59.0,54.01,9.17,1017
Makaha,75,US,1587998886,94,21.47,-158.22,70.59,73.4,68.0,75.72,3.36,1018
Rochester,90,US,1587998639,75,43.15,-77.62,40.35,43.0,39.0,27.86,16.11,1020
Grand Forks,20,US,1587998738,61,47.93,-97.03,52.47,54.0,50.0,44.33,10.29,1011
Lavaca,40,US,1587998887,69,28.61,-96.63,77.0,77.0,77.0,76.32,11.41,1020
Lac du Bonnet,0,CA,1587998887,65,50.25,-96.06,52.0,52.0,52.0,47.64,4.0,1011
Santa Rosalía,0,MX,1587998887,30,27.32,-112.28,80.47,80.47,80.47,77.36,3.96,1014
Marathon,90,US,1587998887,49,44.9,-89.77,47.32,48.2,45.0,38.8,8.05,1015
Golden Gate,1,US,1587998887,44,26.19,-81.7,75.27,75.99,75.0,69.44,11.41,1020
East Patchogue,90,US,1587998887,81,40.77,-73.0,43.11,45.0,42.01,31.39,16.11,1011
Lillooet,1,CA,1587998887,75,50.69,-121.94,43.48,46.4,37.4,26.31,25.28,1007
Indianola,20,US,1587998818,63,41.36,-93.56,62.44,63.0,60.8,53.37,16.11,1015
West Des Moines,20,US,1587998861,63,41.57,-93.75,62.64,64.0,60.8,53.6,16.11,1015
Lake Shasta,99,US,1587998888,47,40.68,-122.37,62.22,64.0,60.01,59.23,1.99,1015
Makakilo City,75,US,1587998888,94,21.35,-158.09,69.78,73.4,68.0,74.53,3.36,1018
Sunbury,11,AU,1587998888,81,-37.58,144.73,47.95,50.0,46.0,39.79,11.41,1022
East Northport,90,US,1587998886,75,40.88,-73.32,43.75,46.0,41.0,34.45,11.41,1011
Dodge City,1,US,1587998889,76,37.75,-100.02,59.52,63.0,55.4,57.51,4.7,1014
La Tuque,100,CA,1587998889,54,47.43,-72.78,44.46,44.46,44.46,36.0,7.9,1023
El Campo,40,US,1587998650,73,29.2,-96.27,73.8,75.99,69.8,74.37,8.05,1021
Alice,40,US,1587998771,73,27.75,-98.07,76.75,78.8,75.2,77.97,9.17,1019
El Cobre,40,CU,1587998889,70,20.05,-75.95,86.0,86.0,86.0,92.48,6.93,1017
Portage,1,US,1587998890,57,41.17,-81.2,49.96,51.01,48.2,41.74,9.17,1021
Princeton,1,US,1587998701,57,25.54,-80.41,76.87,78.01,75.2,72.52,13.87,1019
Eldorado,0,BR,1587998890,35,-23.79,-54.28,79.95,79.95,79.95,72.61,13.11,1020
Mazatlán,5,MX,1587998658,60,23.22,-106.42,73.53,77.0,68.0,74.97,2.46,1014
Redmond,87,US,1587998686,92,47.67,-122.12,50.76,52.0,48.99,45.52,8.75,1013
Wadsworth,26,US,1587998653,68,41.03,-81.73,49.5,51.01,48.0,44.91,4.0,1021
Kaukauna,100,US,1587998891,63,44.28,-88.27,49.51,51.01,48.0,44.01,5.01,1013
Panama City,20,PA,1587998646,79,8.99,-79.52,85.96,88.0,84.2,94.68,6.93,1012
Tomatlán,16,MX,1587998891,20,19.93,-105.25,87.93,87.93,87.93,85.17,1.59,1015
Franklin,20,US,1587998891,75,39.97,-83.02,50.59,54.0,46.4,46.33,4.7,1023
Desert Hot Springs,1,US,1587998891,31,33.96,-116.5,76.06,77.0,75.2,72.3,3.91,1011
Batesville,1,US,1587998891,63,35.77,-91.64,62.98,64.99,62.01,61.21,3.36,1023
Nassau,90,US,1587998891,75,40.75,-73.58,43.9,46.0,41.0,34.61,11.41,1011
Hagerstown,90,US,1587998847,70,39.64,-77.72,47.52,48.99,46.0,38.53,11.41,1016
Kendallville,1,US,1587998892,37,41.44,-85.27,56.14,57.0,55.4,47.77,8.05,1023
Samaná,3,DO,1587998892,60,19.21,-69.34,83.88,83.88,83.88,85.8,8.79,1018
Medina,0,SA,1587998769,5,24.47,39.61,95.0,95.0,95.0,85.55,6.93,1012
Le Mars,1,US,1587998776,63,42.79,-96.17,60.13,61.0,59.0,54.39,9.17,1012
Front Royal,90,US,1587998892,70,38.92,-78.19,47.41,48.99,46.0,39.04,10.29,1018
Lock Haven,100,US,1587998892,76,41.14,-77.45,45.81,48.0,42.01,40.51,5.01,1014
St Helens,20,GB,1587998892,50,53.45,-2.73,59.4,62.01,57.0,51.53,10.29,1008
Hattiesburg,1,US,1587998892,58,31.33,-89.29,61.9,66.0,59.0,56.66,8.05,1025
Golden,0,US,1587998690,38,39.76,-105.22,58.96,63.0,55.0,55.04,1.01,1022
Dunmore Town,100,BS,1587998893,74,25.5,-76.65,79.59,79.59,79.59,83.16,7.74,1018
Columbus,20,US,1587998865,75,39.96,-83.0,50.54,54.0,46.4,46.27,4.7,1023
Notre-Dame-du-Lac,1,CA,1587998893,38,47.61,-68.8,41.29,45.0,39.0,26.37,17.22,1023
San Luis Potosí,5,MX,1587998841,77,22.5,-100.5,64.27,70.0,60.8,64.33,3.78,1028
Grande Prairie,90,CA,1587998726,75,55.17,-118.8,41.0,41.0,41.0,34.41,5.82,1002
Anchorage,1,US,1587998860,63,61.22,-149.9,29.59,33.8,27.0,22.91,2.75,993
Statesboro,1,US,1587998894,48,32.45,-81.78,62.35,64.4,60.8,55.45,9.17,1021
Ojinaga,1,MX,1587998894,28,29.57,-104.42,79.09,82.4,75.0,74.88,4.7,1017
Rohnert Park,1,US,1587998657,93,38.34,-122.7,50.07,53.01,46.99,46.38,5.82,1020
Sheboygan,90,US,1587998894,61,43.73,-87.93,46.11,48.0,44.01,40.1,4.7,1019
Nacozari,0,MX,1587998894,70,25.34,-108.26,73.0,73.0,73.0,75.61,3.0,1012
Monterey,1,US,1587998894,81,36.25,-121.25,53.04,54.0,51.8,49.17,5.82,1020
Gilroy,1,US,1587998879,70,37.01,-121.57,49.03,50.0,48.0,45.9,1.52,1021
Ixtlán del Río,39,MX,1587998894,38,21.03,-104.37,70.84,73.99,66.99,67.71,3.09,1014
Cortland,90,US,1587998833,100,42.6,-76.08,40.01,41.0,39.2,33.26,8.05,1016
Hobbs,5,US,1587998895,55,32.7,-103.14,68.58,71.01,64.4,61.97,12.75,1016
Alliance,11,US,1587998895,63,40.92,-81.11,49.66,50.0,48.99,44.17,5.01,1021
Brownsville,75,US,1587998895,61,25.9,-97.5,78.85,82.4,77.0,76.01,13.87,1018
Bellevue,90,US,1587998645,87,47.61,-122.2,50.59,52.0,48.99,44.08,10.29,1014
Santa Cruz de la Sierra,20,BO,1587998895,55,-17.8,-63.17,86.0,86.0,86.0,87.46,9.17,1018
Bracebridge,1,CA,1587998726,29,45.03,-79.32,50.86,52.0,50.0,42.57,5.82,1020
Pickerington,20,US,1587998895,75,39.88,-82.75,47.93,50.0,46.4,43.9,3.36,1023
Okmulgee,90,US,1587998895,67,35.62,-95.96,62.6,62.6,62.6,58.55,8.05,1018
Jasper,20,US,1587998896,52,37.2,-94.35,63.41,64.4,62.01,58.44,6.93,1019
Les Escoumins,100,CA,1587998896,78,48.11,-69.02,33.58,33.58,33.58,21.27,14.43,1025
Homestead,1,US,1587998896,57,25.47,-80.48,76.84,78.01,75.2,72.46,13.87,1019
Pabellón de Arteaga,40,MX,1587998896,63,22.15,-102.25,64.4,64.4,64.4,60.37,8.05,1029
West Lafayette,1,US,1587998669,50,40.43,-86.91,57.11,59.0,55.4,51.98,4.7,1023
Louisville,1,US,1587998875,62,38.25,-85.76,57.61,59.0,55.4,53.1,5.82,1024
Lovington,5,US,1587998896,55,32.94,-103.35,68.63,71.01,64.4,62.04,12.75,1016
Estelle,1,US,1587998897,53,29.85,-90.11,71.1,72.0,69.8,67.51,8.05,1024
Mt. Pleasant,1,US,1587998609,55,32.79,-79.86,62.51,64.99,60.8,54.43,12.75,1019
Nipawin,1,CA,1587998897,74,53.37,-104.0,35.6,35.6,35.6,25.07,11.41,1010
Owen Sound,5,CA,1587998897,61,44.57,-80.94,51.49,53.01,46.4,47.73,2.24,1020
Collierville,20,US,1587998897,67,35.04,-89.66,61.54,63.0,59.0,57.22,8.05,1024
Kantunilkín,40,MX,1587998897,74,21.09,-87.45,84.09,84.2,84.0,89.85,8.05,1018
Natívitas,5,MX,1587998897,66,19.23,-98.32,55.4,55.4,55.4,50.16,6.93,1031
Miles City,1,US,1587998898,70,46.41,-105.84,44.6,44.6,44.6,38.91,4.7,1012
Edson,75,CA,1587998898,74,53.58,-116.44,35.6,35.6,35.6,30.24,2.24,1002
Bastrop,1,US,1587998898,48,32.76,-91.87,67.03,68.0,66.2,63.61,4.7,1024
Assiniboia,100,CA,1587998898,31,49.63,-105.98,53.96,53.96,53.96,43.14,11.05,1009
Merritt Island,1,US,1587998662,45,28.54,-80.67,68.81,71.6,66.99,63.48,8.05,1020
Cortez,1,US,1587998899,56,37.35,-108.59,49.95,55.99,44.6,45.75,1.88,1022
Lüshunkou,0,CN,1587998899,40,38.8,121.27,55.08,57.99,51.8,46.35,8.95,1019
Fernley,86,US,1587998803,31,39.61,-119.25,55.35,57.0,51.01,49.21,3.0,1019
Bismarck,1,US,1587998722,52,46.81,-100.78,49.69,51.8,46.4,43.59,4.7,1014
Henderson,1,US,1587998890,18,36.04,-114.98,72.45,73.99,69.8,65.03,5.53,1014
Elmira,90,US,1587998900,86,42.09,-76.81,39.43,44.01,36.0,29.25,12.75,1017
Sandpoint,90,US,1587998720,75,48.28,-116.55,46.51,46.99,46.0,42.21,3.36,1014
Calabazar de Sagua,40,CU,1587998900,74,22.64,-79.9,82.4,82.4,82.4,88.48,5.82,1019
Primo Tapia,90,MX,1587998763,87,32.22,-116.92,61.95,64.0,60.8,62.89,2.89,1015
Chandler,75,US,1587998900,33,33.31,-111.84,75.29,79.0,71.6,71.29,4.7,1013
Escanaba,1,US,1587998789,75,45.75,-87.06,44.1,51.01,41.0,37.36,6.93,1018
Papillion,1,US,1587998900,59,41.15,-96.04,63.46,64.99,62.01,58.08,9.17,1014
Snyder,1,US,1587998901,60,32.72,-100.92,69.8,69.8,69.8,61.11,18.34,1015
Pendleton,90,US,1587998901,47,45.67,-118.79,56.84,59.0,52.0,48.87,9.17,1015
Midland,1,US,1587998761,56,32.0,-102.08,71.98,73.0,71.6,65.86,13.87,1015
Ensenada,16,MX,1587998722,92,31.87,-116.62,61.0,61.0,61.0,62.1,3.0,1014
Boulder City,1,US,1587998805,18,35.98,-114.83,73.74,73.99,73.4,67.1,4.38,1014
Escalerillas,5,MX,1587998763,77,22.13,-101.07,60.8,60.8,60.8,59.59,4.09,1028
Vertientes,52,CU,1587998901,37,21.26,-78.15,91.18,91.18,91.18,93.0,3.4,1017
Hailey,40,US,1587998901,52,43.52,-114.32,44.6,44.6,44.6,36.59,6.93,1018
Windsor,1,CA,1587998771,66,42.3,-83.02,52.61,55.99,50.0,46.17,8.05,1022
Rexburg,40,US,1587998902,70,43.83,-111.79,47.37,51.01,42.8,42.91,3.36,1016
Canby,90,US,1587998880,87,45.26,-122.69,53.08,55.0,51.01,45.16,13.87,1017
Puerto Vallarta,5,MX,1587998788,72,20.62,-105.23,72.52,75.99,68.0,74.3,4.7,1014
